# /dev/cpu_dma_latency set to 0us
# Histogram
000000 000000
000001 000000
000002 000000
000003 000000
000004 000000
000005 000000
000006 000000
000007 000000
000008 000000
000009 000000
000010 000000
000011 000000
000012 000000
000013 000000
000014 000000
000015 000006
000016 000080
000017 000523
000018 003405
000019 022591
000020 143801
000021 496883
000022 1773779
000023 5032850
000024 8618471
000025 8010478
000026 5889635
000027 5828120
000028 5086340
000029 3062962
000030 1464764
000031 815257
000032 520807
000033 346163
000034 239770
000035 195895
000036 190621
000037 169796
000038 118290
000039 078372
000040 058001
000041 042017
000042 036809
000043 047827
000044 056846
000045 046232
000046 025728
000047 012568
000048 007438
000049 005433
000050 004422
000051 003864
000052 003660
000053 003374
000054 002891
000055 002507
000056 002364
000057 002259
000058 003022
000059 005329
000060 011559
000061 026248
000062 052979
000063 092792
000064 131228
000065 141260
000066 119694
000067 088080
000068 073251
000069 077313
000070 085041
000071 079763
000072 065524
000073 063708
000074 076014
000075 083696
000076 074522
000077 051211
000078 028955
000079 015931
000080 009702
000081 007443
000082 006021
000083 005394
000084 006239
000085 008552
000086 008958
000087 006286
000088 003362
000089 001601
000090 000992
000091 000640
000092 000537
000093 000471
000094 000568
000095 000549
000096 000561
000097 000592
000098 000589
000099 000577
000100 000625
000101 000638
000102 000601
000103 000610
000104 000537
000105 000551
000106 000511
000107 000510
000108 000456
000109 000444
000110 000422
000111 000379
000112 000378
000113 000319
000114 000314
000115 000258
000116 000226
000117 000224
000118 000233
000119 000220
000120 000232
000121 000205
000122 000145
000123 000099
000124 000068
000125 000037
000126 000017
000127 000016
000128 000011
000129 000009
000130 000006
000131 000011
000132 000005
000133 000009
000134 000009
000135 000001
000136 000005
000137 000000
000138 000003
000139 000001
000140 000001
000141 000000
000142 000000
000143 000000
000144 000000
000145 000000
000146 000001
000147 000000
000148 000000
000149 000000
000150 000000
000151 000000
000152 000000
000153 000000
000154 000000
000155 000000
000156 000000
000157 000000
000158 000000
000159 000000
000160 000000
000161 000000
000162 000000
000163 000000
000164 000000
000165 000000
000166 000000
000167 000000
000168 000000
000169 000000
000170 000000
000171 000000
000172 000000
000173 000000
000174 000000
000175 000000
000176 000000
000177 000000
000178 000000
000179 000000
000180 000000
000181 000000
000182 000000
000183 000000
000184 000000
000185 000000
000186 000000
000187 000000
000188 000000
000189 000000
000190 000000
000191 000000
000192 000000
000193 000000
000194 000000
000195 000000
000196 000000
000197 000000
000198 000000
000199 000000
000200 000000
000201 000000
000202 000000
000203 000000
000204 000000
000205 000000
000206 000000
000207 000000
000208 000000
000209 000000
000210 000000
000211 000000
000212 000000
000213 000000
000214 000000
000215 000000
000216 000000
000217 000000
000218 000000
000219 000000
000220 000000
000221 000000
000222 000000
000223 000000
000224 000000
000225 000000
000226 000000
000227 000000
000228 000000
000229 000000
000230 000000
000231 000000
000232 000000
000233 000000
000234 000000
000235 000000
000236 000000
000237 000000
000238 000000
000239 000000
000240 000000
000241 000000
000242 000000
000243 000000
000244 000000
000245 000000
000246 000000
000247 000000
000248 000000
000249 000000
000250 000000
000251 000000
000252 000000
000253 000000
000254 000000
000255 000000
000256 000000
000257 000000
000258 000000
000259 000000
000260 000000
000261 000000
000262 000000
000263 000000
000264 000000
000265 000000
000266 000000
000267 000000
000268 000000
000269 000000
000270 000000
000271 000000
000272 000000
000273 000000
000274 000000
000275 000000
000276 000000
000277 000000
000278 000000
000279 000000
000280 000000
000281 000000
000282 000000
000283 000000
000284 000000
000285 000000
000286 000000
000287 000000
000288 000000
000289 000000
000290 000000
000291 000000
000292 000000
000293 000000
000294 000000
000295 000000
000296 000000
000297 000000
000298 000000
000299 000000
000300 000000
000301 000000
000302 000000
000303 000000
000304 000000
000305 000000
000306 000000
000307 000000
000308 000000
000309 000000
000310 000000
000311 000000
000312 000000
000313 000000
000314 000000
000315 000000
000316 000000
000317 000000
000318 000000
000319 000000
000320 000000
000321 000000
000322 000000
000323 000000
000324 000000
000325 000000
000326 000000
000327 000000
000328 000000
000329 000000
000330 000000
000331 000000
000332 000000
000333 000000
000334 000000
000335 000000
000336 000000
000337 000000
000338 000000
000339 000000
000340 000000
000341 000000
000342 000000
000343 000000
000344 000000
000345 000000
000346 000000
000347 000000
000348 000000
000349 000000
000350 000000
000351 000000
000352 000000
000353 000000
000354 000000
000355 000000
000356 000000
000357 000000
000358 000000
000359 000000
000360 000000
000361 000000
000362 000000
000363 000000
000364 000000
000365 000000
000366 000000
000367 000000
000368 000000
000369 000000
000370 000000
000371 000000
000372 000000
000373 000000
000374 000000
000375 000000
000376 000000
000377 000000
000378 000000
000379 000000
000380 000000
000381 000000
000382 000000
000383 000000
000384 000000
000385 000000
000386 000000
000387 000000
000388 000000
000389 000000
000390 000000
000391 000000
000392 000000
000393 000000
000394 000000
000395 000000
000396 000000
000397 000000
000398 000000
000399 000000
# Total: 050000000
# Min Latencies: 00015
# Avg Latencies: 00027
# Max Latencies: 00146
# Histogram Overflows: 00000
# Histogram Overflow at cycle number:
# Thread 0:

